Company ID
0105515012809
0115531003114
