Company ID
0105559068005
0105568192771
0105549023857
0107549000387
0105531091022
0105536095714
0105536111362
0105534135636
0165538000206
0105541095083
0105559099250
0105557000708
0105566217380
0115532001051
0105540021821
0105545071083
0105548133229
0105541030310
0105531084564
0105522002737
0575554000700
0105531047774
0105528049156
0105537106583
0105557135142
0105513009797
0505538004526
0105551184355
0105543070567
0735547003437
0105545022002
0125532003533
0105537085445
0105526031666
0105544041843
0115530008277
0105547034572
0505548001024
0105545167437
0105548115528
0105534077212
0405549000256
0105529026644
0105547028122
0105531010931
0105553031642
0105529012027
0105541117098
0105524034947
0105531014174
0105552111633
0505541003456
0105555088115
0105511003516
0105559049371
0105519000965
0105542020431
0105542001703
0105531022894
0105514005796
0105533059911
0105568215011
0105522024566
0135538000181
0225546000154
0105541056996
0107536001987
0105548036696
0105558033478
0105541093800
0105549098102
0105539045807
0105532033364
0105541072674
0105531084331
0105548057962
0105534040101
0105522000952
0135568017094
0745534000124
0105521024669
0105547045013
0105544009149
0105557074780
0105530040614
0105545000546
0115549006083
0105539019666
0105524026439
0105531015032
0105544115693
0105530044840
0735544002608
0105563020112
0107530001296
0105547076635
0305553006079
0105539011606
0653557001869
0653559001859
0653552001839
0505557012219
0105542123199
0105540143657
0105527039738
0105541031836
0105547020610
0105530013311
0107556000240
0105542107386
0105548092890
0735556006656
0735550000982
0105531015795
0105540014340
0635551000026
0105531119965
0515531000082
0105528010120
0105531109124
0105530048478
0105549012325
0105534023319
